split:
  train: 0.0007
  val: 0.00015
  test: 0.00015 